categories = {
	pti = {
		type = pti
	}
	ocean = {
		color = {
			255 255 255 
		}
		sound_type = sea
		is_water = yes
		movement_cost = 1.0
	}
	inland_ocean = {
		color = {
			0 0 200 
		}
		sound_type = sea
		is_water = yes
		inland_sea = yes
		movement_cost = 1.0
		terrain_override = {
			1345 1347 1348 1350 1351 1352 1353 1354 1355 1356 1357 1358 1359 1360 1361 1362 1363 1364 1365 1366 1367 1368 1369 1370 1371 1393 1394 1395 1397 1398 1399 1400 1401 1402 1408 1409 1410 4357 4358 1345 1347 1348 1350 1351 1352 1353 1354 1355 1356 1357 1358 1359 1360 1361 1362 1363 1364 1365 1366 1367 1368 1369 1370 1371 1393 1394 1395 1397 1398 1399 1400 1401 1402 1408 1409 1410 4357 4358 
		}
	}
	glacier = {
		color = {
			235 235 235 
		}
		sound_type = desert
		defence = 1
		movement_cost = 1.25
		supply_limit = 2
		local_development_cost = 0.5
		nation_designer_cost_multiplier = 0.75
		terrain_override = {
			1034 1035 1104 1105 2025 2440 2574 1034 1035 1104 1105 2025 2440 2574 
		}
	}
	farmlands = {
		color = {
			179 255 64 
		}
		type = plains
		sound_type = plains
		movement_cost = 1.10
		local_development_cost = -0.05
		supply_limit = 10
		allowed_num_of_buildings = 1
		nation_designer_cost_multiplier = 1.05
		terrain_override = {
			6 12 14 43 44 45 64 65 67 68 70 77 78 88 90 92 97 98 100 104 108 109 113 115 117 118 121 125 134 146 148 150 151 152 153 160 161 167 169 172 177 180 182 183 186 191 192 200 234 235 236 238 243 245 248 254 255 257 258 259 260 262 264 266 267 268 279 280 289 290 358 359 361 363 410 415 506 507 510 522 523 524 532 540 555 556 558 561 563 581 584 585 586 600 613 665 667 671 672 679 682 683 684 685 687 688 690 691 692 695 696 700 735 916 917 920 925 930 1020 1021 1028 1030 1744 1767 1772 1816 1821 1822 1836 1838 1841 1862 1865 1868 1874 1876 1877 1879 1954 2026 2033 2044 2045 2047 2060 2063 2075 2076 2095 2137 2138 2139 2140 2141 2142 2143 2144 2145 2148 2149 2150 2151 2156 2157 2159 2163 2172 2175 2176 2310 2312 2316 2380 2407 2532 2745 2753 2774 2775 2794 2796 2955 2957 2979 2980 2981 2998 4126 4173 4194 4195 4196 4197 4212 4213 4240 4316 4367 4368 4371 4375 4382 4383 4384 4388 4390 4392 4396 4415 4416 4428 4476 4479 4487 4489 4490 4496 4497 4510 4513 4529 4531 4538 4712 4765 4769 4831 4832 6 12 14 43 44 45 64 65 67 68 70 77 78 88 90 92 97 98 100 104 108 109 113 115 117 118 121 125 134 146 148 150 151 152 153 160 161 167 169 172 177 180 182 183 186 191 192 200 234 235 236 238 243 245 248 254 255 257 258 259 260 262 264 266 267 268 279 280 289 290 358 359 361 363 410 415 506 507 510 522 523 524 532 540 555 556 558 561 563 581 584 585 586 600 613 665 667 671 672 679 682 683 684 685 687 688 690 691 692 695 696 700 735 916 917 920 925 930 1020 1021 1028 1030 1744 1767 1772 1816 1821 1822 1836 1838 1841 1862 1865 1868 1874 1876 1877 1879 1954 2026 2033 2044 2045 2047 2060 2063 2075 2076 2095 2137 2138 2139 2140 2141 2142 2143 2144 2145 2148 2149 2150 2151 2156 2157 2159 2163 2172 2175 2176 2310 2312 2316 2380 2407 2532 2745 2753 2774 2775 2794 2796 2955 2957 2979 2980 2981 2998 4126 4173 4194 4195 4196 4197 4212 4213 4240 4316 4367 4368 4371 4375 4382 4383 4384 4388 4390 4392 4396 4415 4416 4428 4476 4479 4487 4489 4490 4496 4497 4510 4513 4529 4531 4538 4712 4765 4769 4831 4832 
		}
	}
	forest = {
		color = {
			18 74 9 
		}
		type = forest
		sound_type = forest
		movement_cost = 1.25
		defence = 1
		supply_limit = 4
		local_development_cost = 0.2
		nation_designer_cost_multiplier = 0.9
		terrain_override = {
			4 8 9 10 11 18 29 30 31 309 312 315 960 978 980 993 996 997 998 1011 1026 1046 1054 1109 1955 2022 2517 2572 2573 2575 2582 2583 2593 2611 2671 4123 4124 4187 4 8 9 10 11 18 29 30 31 309 312 315 960 978 980 993 996 997 998 1011 1026 1046 1054 1109 1955 2022 2517 2572 2573 2575 2582 2583 2593 2611 2671 4123 4124 4187 
		}
	}
	hills = {
		color = {
			113 176 151 
		}
		type = hills
		sound_type = mountains
		movement_cost = 1.40
		defence = 1
		local_defensiveness = 0.1
		local_development_cost = 0.25
		nation_designer_cost_multiplier = 0.85
		supply_limit = 5
		terrain_override = {
			101 102 105 106 107 111 116 119 123 137 140 156 176 193 196 198 201 203 232 242 250 251 325 488 489 508 509 511 515 518 521 525 527 529 530 531 533 538 545 548 550 554 557 559 604 608 609 611 615 652 657 658 669 670 681 686 733 740 837 839 841 844 847 849 851 854 855 899 911 931 935 949 951 959 961 964 966 969 972 981 986 992 994 995 1016 1018 1022 1025 1029 1106 1108 1117 1121 1746 1770 1774 1792 1820 1823 1824 1827 1828 1829 1830 1832 1833 1840 1843 1844 1848 1852 1856 1934 1947 1949 1951 2011 2012 2023 2027 2030 2032 2036 2037 2040 2043 2056 2058 2069 2070 2071 2080 2083 2089 2090 2092 2097 2146 2147 2152 2153 2158 2171 2173 2174 2299 2373 2379 2382 2479 2509 2515 2518 2527 2531 2548 2552 2553 2555 2556 2557 2558 2559 2562 2563 2565 2567 2571 2577 2579 2580 2606 2607 2608 2627 2638 2640 2642 2648 2653 2657 2658 2660 2694 2697 2698 2701 2738 2742 2744 2956 2965 2976 2977 2978 2983 2984 2991 2992 3002 4023 4046 4050 4063 4066 4068 4069 4070 4072 4098 4102 4144 4145 4164 4180 4183 4185 4188 4191 4192 4229 4231 4239 4311 4312 4315 4361 4362 4363 4366 4414 4420 4425 4426 4427 4429 4430 4434 4449 4453 4459 4462 4465 4466 4467 4480 4483 4484 4485 4491 4492 4493 4500 4511 4552 4694 4695 4696 4702 4705 4707 4715 4739 4744 4753 4761 4764 4777 4779 4840 4856 4939 101 102 105 106 107 111 116 119 123 137 140 156 176 193 196 198 201 203 232 242 250 251 325 488 489 508 509 511 515 518 521 525 527 529 530 531 533 538 545 548 550 554 557 559 604 608 609 611 615 652 657 658 669 670 681 686 733 740 837 839 841 844 847 849 851 854 855 899 911 931 935 949 951 959 961 964 966 969 972 981 986 992 994 995 1016 1018 1022 1025 1029 1106 1108 1117 1121 1746 1770 1774 1792 1820 1823 1824 1827 1828 1829 1830 1832 1833 1840 1843 1844 1848 1852 1856 1934 1947 1949 1951 2011 2012 2023 2027 2030 2032 2036 2037 2040 2043 2056 2058 2069 2070 2071 2080 2083 2089 2090 2092 2097 2146 2147 2152 2153 2158 2171 2173 2174 2299 2373 2379 2382 2479 2509 2515 2518 2527 2531 2548 2552 2553 2555 2556 2557 2558 2559 2562 2563 2565 2567 2571 2577 2579 2580 2606 2607 2608 2627 2638 2640 2642 2648 2653 2657 2658 2660 2694 2697 2698 2701 2738 2742 2744 2956 2965 2976 2977 2978 2983 2984 2991 2992 3002 4023 4046 4050 4063 4066 4068 4069 4070 4072 4098 4102 4144 4145 4164 4180 4183 4185 4188 4191 4192 4229 4231 4239 4311 4312 4315 4361 4362 4363 4366 4414 4420 4425 4426 4427 4429 4430 4434 4449 4453 4459 4462 4465 4466 4467 4480 4483 4484 4485 4491 4492 4493 4500 4511 4552 4694 4695 4696 4702 4705 4707 4715 4739 4744 4753 4761 4764 4777 4779 4840 4856 4939 
		}
	}
	woods = {
		color = {
			41 155 22 
		}
		type = forest
		sound_type = forest
		movement_cost = 1.10
		defence = 1
		local_development_cost = 0.15
		nation_designer_cost_multiplier = 0.9
		supply_limit = 6
		terrain_override = {
			2 3 34 37 38 40 41 46 47 48 49 50 51 52 53 56 57 58 59 60 61 62 63 66 69 72 80 81 82 83 84 85 86 93 94 95 99 128 129 130 141 173 174 175 178 181 184 187 188 189 190 194 195 206 239 240 244 247 256 261 269 271 272 273 274 275 276 296 297 298 306 307 310 311 316 317 372 374 375 376 480 727 731 767 770 771 859 873 874 895 912 914 918 919 933 934 937 939 940 941 943 944 945 946 947 948 954 955 956 958 963 965 967 968 970 971 973 984 985 987 988 989 1014 1027 1033 1049 1050 1053 1056 1060 1062 1063 1064 1065 1068 1074 1079 1083 1084 1107 1742 1752 1753 1754 1758 1759 1760 1761 1762 1763 1765 1769 1819 1826 1834 1835 1851 1857 1863 1866 1878 1880 1937 1938 1945 1956 1957 1959 1960 1972 1982 1985 2010 2013 2014 2102 2106 2304 2423 2424 2427 2428 2429 2432 2433 2435 2442 2443 2446 2482 2487 2521 2522 2523 2524 2525 2526 2528 2529 2540 2541 2544 2545 2549 2551 2560 2566 2568 2569 2570 2584 2585 2586 2587 2639 2665 2670 2737 2739 2749 2750 2963 2964 2969 2971 2972 2973 2974 2975 2993 2995 2996 2997 3000 4112 4115 4116 4117 4118 4119 4120 4121 4127 4148 4165 4166 4181 4182 4184 4186 4189 4241 4242 4243 4251 4252 4253 4254 4260 4266 4372 4377 4378 4379 4380 4381 4387 4389 4524 4535 4537 4541 4543 4544 4555 4558 4654 4658 4659 4660 4663 4697 4703 4713 4716 4717 4741 4742 4743 4746 4747 4748 4749 4751 4755 4757 4766 4767 4768 4770 4772 4773 4774 4775 4852 4853 4864 2 3 34 37 38 40 41 46 47 48 49 50 51 52 53 56 57 58 59 60 61 62 63 66 69 72 80 81 82 83 84 85 86 93 94 95 99 128 129 130 141 173 174 175 178 181 184 187 188 189 190 194 195 206 239 240 244 247 256 261 269 271 272 273 274 275 276 296 297 298 306 307 310 311 316 317 372 374 375 376 480 727 731 767 770 771 859 873 874 895 912 914 918 919 933 934 937 939 940 941 943 944 945 946 947 948 954 955 956 958 963 965 967 968 970 971 973 984 985 987 988 989 1014 1027 1033 1049 1050 1053 1056 1060 1062 1063 1064 1065 1068 1074 1079 1083 1084 1107 1742 1752 1753 1754 1758 1759 1760 1761 1762 1763 1765 1769 1819 1826 1834 1835 1851 1857 1863 1866 1878 1880 1937 1938 1945 1956 1957 1959 1960 1972 1982 1985 2010 2013 2014 2102 2106 2304 2423 2424 2427 2428 2429 2432 2433 2435 2442 2443 2446 2482 2487 2521 2522 2523 2524 2525 2526 2528 2529 2540 2541 2544 2545 2549 2551 2560 2566 2568 2569 2570 2584 2585 2586 2587 2639 2665 2670 2737 2739 2749 2750 2963 2964 2969 2971 2972 2973 2974 2975 2993 2995 2996 2997 3000 4112 4115 4116 4117 4118 4119 4120 4121 4127 4148 4165 4166 4181 4182 4184 4186 4189 4241 4242 4243 4251 4252 4253 4254 4260 4266 4372 4377 4378 4379 4380 4381 4387 4389 4524 4535 4537 4541 4543 4544 4555 4558 4654 4658 4659 4660 4663 4697 4703 4713 4716 4717 4741 4742 4743 4746 4747 4748 4749 4751 4755 4757 4766 4767 4768 4770 4772 4773 4774 4775 4852 4853 4864 
		}
	}
	mountain = {
		color = {
			105 24 4 
		}
		type = mountains
		sound_type = mountains
		movement_cost = 1.5
		defence = 2
		local_defensiveness = 0.25
		local_development_cost = 0.35
		nation_designer_cost_multiplier = 0.75
		supply_limit = 4
		terrain_override = {
			20 22 120 124 138 139 143 144 158 199 204 210 222 223 226 330 331 380 383 384 385 386 390 422 435 436 452 565 583 587 676 677 680 689 693 694 697 702 716 718 719 729 732 734 739 783 785 794 802 808 814 824 829 856 857 871 872 875 878 879 880 936 974 975 976 977 1048 1066 1078 1180 1246 1273 1787 1788 1831 1850 1853 1952 2003 2020 2073 2074 2103 2104 2105 2107 2108 2111 2112 2117 2125 2127 2128 2129 2130 2136 2154 2155 2169 2177 2178 2179 2180 2181 2186 2189 2190 2198 2201 2305 2306 2327 2332 2345 2371 2381 2395 2396 2477 2480 2481 2484 2485 2486 2491 2493 2494 2495 2505 2564 2604 2605 2609 2610 2612 2613 2617 2743 2813 2817 2824 2825 2826 2871 2873 2874 2877 4128 4131 4175 4198 4201 4205 4206 4210 4211 4214 4215 4216 4217 4222 4232 4236 4280 4281 4282 4301 4306 4348 4404 4514 4515 4516 4517 4518 4519 4520 4521 4546 4601 4602 4653 4655 4656 4679 4680 4750 4754 20 22 120 124 138 139 143 144 158 199 204 210 222 223 226 330 331 380 383 384 385 386 390 422 435 436 452 565 583 587 676 677 680 689 693 694 697 702 716 718 719 729 732 734 739 783 785 794 802 808 814 824 829 856 857 871 872 875 878 879 880 936 974 975 976 977 1048 1066 1078 1180 1246 1273 1787 1788 1831 1850 1853 1952 2003 2020 2073 2074 2103 2104 2105 2107 2108 2111 2112 2117 2125 2127 2128 2129 2130 2136 2154 2155 2169 2177 2178 2179 2180 2181 2186 2189 2190 2198 2201 2305 2306 2327 2332 2345 2371 2381 2395 2396 2477 2480 2481 2484 2485 2486 2491 2493 2494 2495 2505 2564 2604 2605 2609 2610 2612 2613 2617 2743 2813 2817 2824 2825 2826 2871 2873 2874 2877 4128 4131 4175 4198 4201 4205 4206 4210 4211 4214 4215 4216 4217 4222 4232 4236 4280 4281 4282 4301 4306 4348 4404 4514 4515 4516 4517 4518 4519 4520 4521 4546 4601 4602 4653 4655 4656 4679 4680 4750 4754 
		}
	}
	impassable_mountains = {
		color = {
			128 128 128 
		}
		sound_type = desert
		movement_cost = 8.0
		defence = 6
		local_development_cost = 10
	}
	grasslands = {
		color = {
			90 235 27 
		}
		type = plains
		sound_type = plains
		movement_cost = 1.0
		supply_limit = 8
		allowed_num_of_buildings = 1
		nation_designer_cost_multiplier = 1
		terrain_override = {
			42 71 79 114 131 136 149 155 213 218 219 229 318 328 373 417 457 458 516 517 526 539 543 549 552 562 572 593 703 704 726 730 737 772 773 778 890 891 896 898 901 903 905 1012 1013 1017 1019 1023 1024 1086 1090 1170 1177 1747 1818 1825 1837 1839 1845 1847 1858 1859 1942 1943 1948 1953 1967 2016 2046 2055 2057 2059 2061 2062 2081 2082 2084 2094 2101 2110 2113 2296 2376 2390 2391 2394 2399 2405 2511 2598 2602 2632 2735 2848 2850 2851 2852 2949 4150 4174 4227 4230 4341 4359 4360 4394 4760 4795 4857 4858 42 71 79 114 131 136 149 155 213 218 219 229 318 328 373 417 457 458 516 517 526 539 543 549 552 562 572 593 703 704 726 730 737 772 773 778 890 891 896 898 901 903 905 1012 1013 1017 1019 1023 1024 1086 1090 1170 1177 1747 1818 1825 1837 1839 1845 1847 1858 1859 1942 1943 1948 1953 1967 2016 2046 2055 2057 2059 2061 2062 2081 2082 2084 2094 2101 2110 2113 2296 2376 2390 2391 2394 2399 2405 2511 2598 2602 2632 2735 2848 2850 2851 2852 2949 4150 4174 4227 4230 4341 4359 4360 4394 4760 4795 4857 4858 
		}
	}
	jungle = {
		color = {
			98 163 18 
		}
		type = jungle
		sound_type = jungle
		movement_cost = 1.5
		defence = 1
		local_development_cost = 0.35
		nation_designer_cost_multiplier = 0.8
		supply_limit = 5
		terrain_override = {
			486 490 534 535 537 546 547 551 553 560 564 566 567 568 570 571 573 579 582 589 590 591 592 602 610 616 660 663 664 666 743 745 746 748 756 757 759 765 789 826 835 838 840 843 846 848 1085 1118 1125 1138 1139 1151 1162 1181 1182 1183 1237 1245 1249 1815 1817 1946 1950 2028 2029 2034 2038 2039 2042 2048 2049 2050 2091 2096 2098 2099 2100 2160 2161 2162 2164 2166 2372 2377 2388 2389 2397 2398 2400 2402 2403 2404 2630 2637 2641 2647 2654 2655 2659 2664 2703 2709 2730 2731 2732 2819 2894 2896 2914 2927 2929 2952 4021 4024 4025 4026 4090 4109 4407 4408 4409 4410 4412 4413 4431 4432 4433 4438 4439 4444 4448 4450 4451 4468 4470 4471 4472 4478 4799 4804 4817 4869 486 490 534 535 537 546 547 551 553 560 564 566 567 568 570 571 573 579 582 589 590 591 592 602 610 616 660 663 664 666 743 745 746 748 756 757 759 765 789 826 835 838 840 843 846 848 1085 1118 1125 1138 1139 1151 1162 1181 1182 1183 1237 1245 1249 1815 1817 1946 1950 2028 2029 2034 2038 2039 2042 2048 2049 2050 2091 2096 2098 2099 2100 2160 2161 2162 2164 2166 2372 2377 2388 2389 2397 2398 2400 2402 2403 2404 2630 2637 2641 2647 2654 2655 2659 2664 2703 2709 2730 2731 2732 2819 2894 2896 2914 2927 2929 2952 4021 4024 4025 4026 4090 4109 4407 4408 4409 4410 4412 4413 4431 4432 4433 4438 4439 4444 4448 4450 4451 4468 4470 4471 4472 4478 4799 4804 4817 4869 
		}
	}
	marsh = {
		color = {
			13 189 130 
		}
		type = marsh
		sound_type = forest
		movement_cost = 1.3
		defence = 1
		local_development_cost = 0.25
		nation_designer_cost_multiplier = 0.85
		supply_limit = 5
		terrain_override = {
			96 277 362 408 462 749 758 775 777 893 927 928 950 999 1000 1003 1004 1005 1006 1031 1217 1860 2259 2261 2286 2287 2311 2516 2534 2536 2537 2592 2599 2600 2702 2759 2857 2890 4141 4288 4290 4386 4706 4738 96 277 362 408 462 749 758 775 777 893 927 928 950 999 1000 1003 1004 1005 1006 1031 1217 1860 2259 2261 2286 2287 2311 2516 2534 2536 2537 2592 2599 2600 2702 2759 2857 2890 4141 4288 4290 4386 4706 4738 
		}
	}
	desert = {
		color = {
			242 242 111 
		}
		type = desert
		sound_type = desert
		movement_cost = 1.05
		supply_limit = 4
		local_development_cost = 0.50
		nation_designer_cost_multiplier = 0.8
		terrain_override = {
			350 355 503 512 513 514 698 701 706 707 708 709 710 711 712 715 720 860 867 1093 1115 1176 1231 2064 2066 2078 2086 2088 2119 2120 2121 2123 2191 2192 2193 2244 2271 2272 2490 2618 2747 2767 2773 2844 4204 4207 4208 4221 4223 350 355 503 512 513 514 698 701 706 707 708 709 710 711 712 715 720 860 867 1093 1115 1176 1231 2064 2066 2078 2086 2088 2119 2120 2121 2123 2191 2192 2193 2244 2271 2272 2490 2618 2747 2767 2773 2844 4204 4207 4208 4221 4223 
		}
	}
	coastal_desert = {
		color = {
			255 211 110 
		}
		type = desert
		sound_type = desert
		movement_cost = 1.0
		local_development_cost = 0.35
		nation_designer_cost_multiplier = 0.9
		supply_limit = 4
		terrain_override = {
			389 394 395 396 397 398 399 400 401 402 782 792 793 796 805 806 865 866 1099 1174 1206 1209 1212 1215 1230 1232 2024 2315 2320 2321 2324 2329 2331 2333 2340 2341 2342 2347 2765 2786 2788 2789 2790 2793 2821 2822 2840 2841 4269 4278 4283 4284 4286 4847 4848 4849 4865 4866 4867 389 394 395 396 397 398 399 400 401 402 782 792 793 796 805 806 865 866 1099 1174 1206 1209 1212 1215 1230 1232 2024 2315 2320 2321 2324 2329 2331 2333 2340 2341 2342 2347 2765 2786 2788 2789 2790 2793 2821 2822 2840 2841 4269 4278 4283 4284 4286 4847 4848 4849 4865 4866 4867 
		}
	}
	coastline = {
		color = {
			49 175 191 
		}
		sound_type = sea
		movement_cost = 1.0
		local_development_cost = 0.15
		nation_designer_cost_multiplier = 0.85
		supply_limit = 6
		terrain_override = {
			112 233 253 333 368 387 487 491 492 497 498 499 500 501 502 634 642 643 644 645 647 648 649 650 653 654 655 656 788 938 957 962 979 982 1015 1095 1098 1100 1101 1102 1103 1186 1192 1195 1196 1197 1198 1199 1200 1202 1203 1204 1240 1242 1986 1988 1989 1992 1994 1998 1999 2547 2554 2561 2578 2678 2679 2699 2700 2713 2714 2716 2717 2718 2725 2728 2741 3003 4049 4193 4279 4349 4350 4351 4352 4353 4354 4355 4356 4364 4365 4815 112 233 253 333 368 387 487 491 492 497 498 499 500 501 502 634 642 643 644 645 647 648 649 650 653 654 655 656 788 938 957 962 979 982 1015 1095 1098 1100 1101 1102 1103 1186 1192 1195 1196 1197 1198 1199 1200 1202 1203 1204 1240 1242 1986 1988 1989 1992 1994 1998 1999 2547 2554 2561 2578 2678 2679 2699 2700 2713 2714 2716 2717 2718 2725 2728 2741 3003 4049 4193 4279 4349 4350 4351 4352 4353 4354 4355 4356 4364 4365 4815 
		}
	}
	drylands = {
		color = {
			232 172 102 
		}
		type = plains
		sound_type = plains
		movement_cost = 1.00
		local_development_cost = 0.05
		nation_designer_cost_multiplier = 0.95
		supply_limit = 7
		allowed_num_of_buildings = 1
		terrain_override = {
			214 220 221 224 225 322 327 334 337 338 341 342 345 377 379 381 382 406 407 411 412 420 421 425 428 430 431 441 442 444 446 450 453 454 464 504 505 519 528 541 569 699 713 750 751 752 753 754 755 786 790 799 858 862 868 876 882 1089 1091 1110 1172 1178 1222 1748 1749 1750 1809 1849 1854 1855 1973 2031 2051 2052 2053 2054 2065 2067 2068 2072 2122 2124 2182 2184 2199 2203 2208 2213 2214 2215 2219 2227 2228 2297 2300 2302 2307 2308 2309 2314 2317 2319 2356 2364 2453 2455 2461 2466 2469 2473 2476 2492 2498 2503 2507 2614 2619 2620 2643 2667 2668 2682 2733 2754 2764 2768 2797 2798 2801 2842 2846 2854 2861 2863 2864 2865 2868 2878 2883 2885 2912 2913 2915 2917 2921 2922 2999 4040 4209 4292 4297 4307 4308 4309 4314 4318 4320 4337 4343 4411 4421 4435 4437 4454 4455 4456 4463 4503 4504 4505 4509 4547 4549 4557 4562 4563 4564 4628 4630 4855 4861 4863 214 220 221 224 225 322 327 334 337 338 341 342 345 377 379 381 382 406 407 411 412 420 421 425 428 430 431 441 442 444 446 450 453 454 464 504 505 519 528 541 569 699 713 750 751 752 753 754 755 786 790 799 858 862 868 876 882 1089 1091 1110 1172 1178 1222 1748 1749 1750 1809 1849 1854 1855 1973 2031 2051 2052 2053 2054 2065 2067 2068 2072 2122 2124 2182 2184 2199 2203 2208 2213 2214 2215 2219 2227 2228 2297 2300 2302 2307 2308 2309 2314 2317 2319 2356 2364 2453 2455 2461 2466 2469 2473 2476 2492 2498 2503 2507 2614 2619 2620 2643 2667 2668 2682 2733 2754 2764 2768 2797 2798 2801 2842 2846 2854 2861 2863 2864 2865 2868 2878 2883 2885 2912 2913 2915 2917 2921 2922 2999 4040 4209 4292 4297 4307 4308 4309 4314 4318 4320 4337 4343 4411 4421 4435 4437 4454 4455 4456 4463 4503 4504 4505 4509 4547 4549 4557 4562 4563 4564 4628 4630 4855 4861 4863 
		}
	}
	highlands = {
		color = {
			176 129 21 
		}
		type = hills
		sound_type = mountains
		supply_limit = 6
		movement_cost = 1.40
		defence = 1
		local_defensiveness = 0.1
		local_development_cost = 0.2
		nation_designer_cost_multiplier = 0.9
		terrain_override = {
			23 24 127 145 154 162 163 216 228 252 263 319 321 323 324 326 329 332 335 336 339 340 346 348 349 351 365 370 371 378 418 460 520 536 542 544 578 588 661 662 673 674 675 678 705 736 784 798 823 850 852 853 869 1047 1171 1184 1185 1188 1207 1208 1211 1218 1219 1224 1227 1247 1318 1751 1766 1773 1846 1882 1968 2006 2018 2019 2035 2077 2079 2085 2087 2093 2131 2132 2133 2134 2135 2165 2167 2168 2170 2183 2202 2209 2235 2274 2298 2301 2303 2313 2401 2454 2458 2459 2462 2463 2464 2465 2478 2483 2488 2489 2496 2501 2504 2621 2622 2623 2624 2626 2628 2629 2644 2645 2646 2734 2748 2752 2755 2756 2757 2758 2762 2763 2766 2770 2771 2772 2778 2779 2781 2787 2792 2946 2950 2951 2960 2968 2970 2986 2989 3001 4027 4029 4030 4053 4055 4056 4057 4059 4067 4073 4077 4084 4100 4101 4103 4110 4176 4199 4228 4238 4293 4294 4295 4298 4299 4305 4313 4391 4398 4406 4422 4436 4464 4553 4561 4566 4669 4699 4701 4780 4859 4860 23 24 127 145 154 162 163 216 228 252 263 319 321 323 324 326 329 332 335 336 339 340 346 348 349 351 365 370 371 378 418 460 520 536 542 544 578 588 661 662 673 674 675 678 705 736 784 798 823 850 852 853 869 1047 1171 1184 1185 1188 1207 1208 1211 1218 1219 1224 1227 1247 1318 1751 1766 1773 1846 1882 1968 2006 2018 2019 2035 2077 2079 2085 2087 2093 2131 2132 2133 2134 2135 2165 2167 2168 2170 2183 2202 2209 2235 2274 2298 2301 2303 2313 2401 2454 2458 2459 2462 2463 2464 2465 2478 2483 2488 2489 2496 2501 2504 2621 2622 2623 2624 2626 2628 2629 2644 2645 2646 2734 2748 2752 2755 2756 2757 2758 2762 2763 2766 2770 2771 2772 2778 2779 2781 2787 2792 2946 2950 2951 2960 2968 2970 2986 2989 3001 4027 4029 4030 4053 4055 4056 4057 4059 4067 4073 4077 4084 4100 4101 4103 4110 4176 4199 4228 4238 4293 4294 4295 4298 4299 4305 4313 4391 4398 4406 4422 4436 4464 4553 4561 4566 4669 4699 4701 4780 4859 4860 
		}
	}
	savannah = {
		color = {
			248 199 23 
		}
		sound_type = plains
		type = plains
		supply_limit = 6
		movement_cost = 1.00
		local_development_cost = 0.15
		nation_designer_cost_multiplier = 0.95
		terrain_override = {
			484 485 603 605 606 607 612 614 768 776 870 883 884 887 888 894 897 900 902 913 915 922 923 924 926 929 932 942 1008 1010 1088 1092 1094 1113 1114 1116 1120 1122 1123 1124 1131 1134 1135 1136 1137 1140 1142 1143 1144 1145 1146 1148 1149 1150 1152 1153 1154 1155 1159 1160 1161 1167 1168 1187 1189 1190 1191 1193 1194 1800 1925 2017 2021 2237 2238 2239 2240 2241 2245 2248 2249 2250 2252 2253 2254 2256 2263 2265 2266 2267 2270 2278 2279 2280 2281 2283 2285 2291 2292 2293 2295 2374 2378 2383 2386 2513 2514 2519 2520 2530 2533 2535 2538 2542 2543 2546 2596 2597 2656 2669 2726 2729 2736 2805 2809 2810 2812 2814 2815 2853 2855 2859 2879 2884 2886 2887 2888 2891 2892 2893 2895 2897 2906 2907 2908 2909 2910 2911 2918 2919 2920 2923 2924 2925 2926 2939 2948 4022 4028 4031 4032 4034 4035 4036 4037 4038 4039 4041 4042 4043 4044 4045 4047 4048 4058 4061 4062 4064 4065 4071 4074 4075 4076 4082 4083 4091 4092 4093 4094 4095 4096 4097 4099 4104 4105 4106 4107 4108 4618 4619 4829 4836 4846 4850 4851 4881 484 485 603 605 606 607 612 614 768 776 870 883 884 887 888 894 897 900 902 913 915 922 923 924 926 929 932 942 1008 1010 1088 1092 1094 1113 1114 1116 1120 1122 1123 1124 1131 1134 1135 1136 1137 1140 1142 1143 1144 1145 1146 1148 1149 1150 1152 1153 1154 1155 1159 1160 1161 1167 1168 1187 1189 1190 1191 1193 1194 1800 1925 2017 2021 2237 2238 2239 2240 2241 2245 2248 2249 2250 2252 2253 2254 2256 2263 2265 2266 2267 2270 2278 2279 2280 2281 2283 2285 2291 2292 2293 2295 2374 2378 2383 2386 2513 2514 2519 2520 2530 2533 2535 2538 2542 2543 2546 2596 2597 2656 2669 2726 2729 2736 2805 2809 2810 2812 2814 2815 2853 2855 2859 2879 2884 2886 2887 2888 2891 2892 2893 2895 2897 2906 2907 2908 2909 2910 2911 2918 2919 2920 2923 2924 2925 2926 2939 2948 4022 4028 4031 4032 4034 4035 4036 4037 4038 4039 4041 4042 4043 4044 4045 4047 4048 4058 4061 4062 4064 4065 4071 4074 4075 4076 4082 4083 4091 4092 4093 4094 4095 4096 4097 4099 4104 4105 4106 4107 4108 4618 4619 4829 4836 4846 4850 4851 4881 
		}
	}
	steppe = {
		color = {
			147 200 83 
		}
		type = plains
		sound_type = plains
		movement_cost = 1.00
		local_development_cost = 0.20
		nation_designer_cost_multiplier = 0.9
		supply_limit = 6
		terrain_override = {
			282 283 284 285 286 287 288 291 299 300 301 302 303 304 459 461 463 466 467 468 470 472 473 474 475 476 478 479 714 717 721 722 723 724 725 728 774 779 780 781 833 885 886 889 892 906 1057 1058 1071 1075 1076 1081 1082 1132 1133 1156 1157 1158 1175 1179 1205 1216 1221 1225 1226 1756 1778 1965 1966 1971 1974 2004 2008 2009 2109 2114 2115 2116 2118 2126 2185 2187 2188 2195 2197 2243 2246 2260 2262 2264 2268 2269 2273 2276 2282 2284 2288 2353 2354 2355 2357 2358 2359 2360 2366 2367 2368 2369 2406 2408 2409 2411 2412 2413 2414 2415 2416 2417 2418 2419 2420 2421 2422 2434 2441 2447 2497 2499 2500 2502 2510 2625 2666 2672 2727 2776 2777 2780 2782 2783 2784 2785 2795 2799 2800 2802 2860 2866 2869 2870 2875 2876 2880 2932 4033 4200 4202 4203 4218 4219 4220 4255 4264 4265 4267 4629 4664 4665 4666 4667 4668 4671 4672 4673 4674 4675 4683 282 283 284 285 286 287 288 291 299 300 301 302 303 304 459 461 463 466 467 468 470 472 473 474 475 476 478 479 714 717 721 722 723 724 725 728 774 779 780 781 833 885 886 889 892 906 1057 1058 1071 1075 1076 1081 1082 1132 1133 1156 1157 1158 1175 1179 1205 1216 1221 1225 1226 1756 1778 1965 1966 1971 1974 2004 2008 2009 2109 2114 2115 2116 2118 2126 2185 2187 2188 2195 2197 2243 2246 2260 2262 2264 2268 2269 2273 2276 2282 2284 2288 2353 2354 2355 2357 2358 2359 2360 2366 2367 2368 2369 2406 2408 2409 2411 2412 2413 2414 2415 2416 2417 2418 2419 2420 2421 2422 2434 2441 2447 2497 2499 2500 2502 2510 2625 2666 2672 2727 2776 2777 2780 2782 2783 2784 2785 2795 2799 2800 2802 2860 2866 2869 2870 2875 2876 2880 2932 4033 4200 4202 4203 4218 4219 4220 4255 4264 4265 4267 4629 4664 4665 4666 4667 4668 4671 4672 4673 4674 4675 4683 
		}
	}
}

terrain = {
	grasslands = {
		type = grasslands
		color = {
			0 
		}
	}
	hills = {
		type = hills
		color = {
			1 
		}
	}
	desert_mountain = {
		type = mountain
		color = {
			2 
		}
	}
	desert = {
		type = desert
		color = {
			3 
		}
	}
	plains = {
		type = grasslands
		color = {
			4 
		}
	}
	terrain_5 = {
		type = grasslands
		color = {
			5 
		}
	}
	mountain = {
		type = mountain
		color = {
			6 
		}
	}
	desert_mountain_low = {
		type = desert
		color = {
			7 
		}
	}
	terrain_8 = {
		type = hills
		color = {
			8 
		}
	}
	marsh = {
		type = marsh
		color = {
			9 
		}
	}
	terrain_10 = {
		type = farmlands
		color = {
			10 
		}
	}
	terrain_11 = {
		type = farmlands
		color = {
			11 
		}
	}
	forest_12 = {
		type = forest
		color = {
			12 
		}
	}
	forest_13 = {
		type = forest
		color = {
			13 
		}
	}
	forest_14 = {
		type = forest
		color = {
			14 
		}
	}
	ocean = {
		type = ocean
		color = {
			15 
		}
	}
	snow = {
		type = mountain
		color = {
			16 
		}
	}
	inland_ocean_17 = {
		type = inland_ocean
		color = {
			17 
		}
	}
	coastal_desert_18 = {
		type = coastal_desert
		color = {
			19 
		}
	}
	coastline = {
		type = coastline
		color = {
			35 
		}
	}
	savannah = {
		type = savannah
		color = {
			20 
		}
	}
	drylands = {
		type = drylands
		color = {
			22 
		}
	}
	highlands = {
		type = highlands
		color = {
			23 
		}
	}
	dry_highlands = {
		type = highlands
		color = {
			24 
		}
	}
	woods = {
		type = woods
		color = {
			255 
		}
	}
	jungle = {
		type = jungle
		color = {
			254 
		}
	}
	terrain_21 = {
		type = farmlands
		color = {
			21 
		}
	}
}

tree = {
	forest = {
		terrain = forest
		color = {
			3 4 6 7 19 20 
		}
	}
	woods = {
		terrain = woods
		color = {
			2 5 8 18 
		}
	}
	jungle = {
		terrain = jungle
		color = {
			13 14 15 
		}
	}
	palms = {
		terrain = desert
		color = {
			12 
		}
	}
	savana = {
		terrain = grasslands
		color = {
			27 28 29 30 
		}
	}
}

